/L1/BLUR/: 7.48475256842
5.73421037031
5.91069473356
6.20905893211
6.41169735222
6.68460036435
6.75013411185
6.25165471111
6.97543612305
7.09596100608
8.86468570541
8.50845743685
9.67661805743
9.0548935866
8.28659604508
7.29166284323
7.06637329725
7.47587397938
6.99012971727
6.7561155329


/L1/BRIGHT/: 7.567148609
7.37301646606
7.37184749898
7.36576990953
7.40388068662
6.88537374047
6.94600687404
6.98796661765
7.05603083817
7.2437618608
8.69735697462
9.72732879582
9.05237424837
8.7322733896
10.8905093726
7.71041835167
7.86600967727
7.81621549654
7.8955891545
7.93929008271


/L1/CONTRAST/: 6.90323328418
5.22741664996
6.01831390533
6.08593125833
4.98113504543
7.19249612411
6.96690084182
6.65147569518
6.95222934615
7.10226892602
9.37001713171
9.74993332096
9.93236010632
5.74837115224
10.6678660164
7.14083916651
6.72147872037
5.14366042977
6.43956945755
6.58224444618


/L1/JPG80/: 5.82505210984
5.99656982199
5.9277472947
6.50893668007
6.36015261269
6.9780487434
6.78819890782
6.76765211335
7.11079041394
6.98933064995
9.52408878306
8.20270918869
9.81488739241
8.29366980051
8.8624138897
7.46279677585
7.06208627938
6.65384677725
6.9627150011
7.4532469335


/L1/JPG85/: 7.20628791982
5.94644145564
6.43877112688
6.69304313184
6.5130270969
7.09880544264
6.831280994
6.88330561737
7.3315469928
7.14643387667
9.64790499243
8.46021025457
9.72393666568
8.58937132843
9.11131313398
7.43793256234
7.15997404544
7.11222339541
7.20857229636
7.49496812269


/L1/JPG90/: 6.97727607062
5.95620698342
6.77359332183
6.92997285338
6.90445569219
7.1630029431
7.02758480735
7.07301912665
7.37469661401
7.31249832677
9.91386640915
9.22477015788
9.92808079706
9.71291382873
9.50202404461
7.72846920297
7.47017138222
7.84724637587
7.65014617889
7.69581936166


/L1/JPG95/: 9.32330894616
6.94922875425
7.30239501312
7.28603678256
7.56452849378
7.44022291453
7.34019709806
7.50202878695
7.67686011061
7.70595949576
10.5134121855
10.7642439536
10.5166585673
11.3283293022
10.2262269582
8.11700811641
7.84833221718
9.01879612576
8.50433553742
8.34214751866


/L1/PNG/: 54.8674449994
31.3647178986
49.0240260613
49.8480724882
28.1720264324
30.4773671732
49.8668157868
49.6182201215
49.3935298022
24.3476623777
50.742205588
49.5926051501
42.367850921
25.4664779651
50.8108891185
45.0279073707
49.7700955195
38.2743836493
51.1970520984
50.7708247678





/L2/BLUR/: 7.39476826038
6.24662696892
7.21191691881
7.20361421091
6.61723769524
7.11468055939
7.55272605748
7.01360368079
7.24152557494
7.38360886925
9.85916017163
10.4491204736
10.0015678172
7.98325660238
10.233463543
7.55083797907
7.90046939677
7.10055878115
8.27886258313
8.28544870264


/L2/BRIGHT/: 7.82240964781
6.55987803261
7.35400965568
6.1963156301
8.01871572509
7.36195321396
6.8470052597
9.36516510431
8.04681139365
8.1106297859
9.97714851117
10.028115008
9.36034569856
9.9009166514
9.9417337707
8.16582602121
7.88527419679
8.71580377063
6.98540807608
7.71748804986


/L2/CONTRAST/: 7.43152759917
5.91500791333
7.09071157812
6.86091100202
5.49884812124
7.22523544855
7.20570642274
7.12035693758
6.9965328722
7.27664829434
9.75125931293
10.5948505458
10.0621205339
6.59072462769
10.3084683647
7.57106376631
7.67146770939
5.94779642932
7.90907052757
7.78356702731


/L2/JPG80/: 6.41107467507
6.28015103827
6.41796050969
6.81672765524
6.62990981454
7.1767201441
7.15097597584
6.63407072067
7.25905473312
7.11664772527
9.80819411672
9.43893234906
9.97219211671
6.83979043161
9.85857454205
7.54885937094
7.35434022175
5.98515080237
7.4986996933
7.20777362337


/L2/JPG85/: 6.90140074245
6.51554459896
6.8816879783
6.84025614966
6.65726854376
7.19859646439
7.24355601364
6.76232557728
7.63638187649
7.23783652351
9.86796149081
9.73477856622
9.97232245475
7.30657533658
10.1231470891
7.52208146638
7.60243148479
6.32856912359
7.6442811145
7.57506587437


/L2/JPG90/: 8.43128579339
6.95717345936
7.51558434146
7.99621978688
7.03736875761
8.03615892516
8.43484752085
7.24791370705
7.7086247157
7.84269129195
10.5392175488
11.1357387399
11.0766841295
8.74586368902
11.0677687459
8.45087797397
8.36120701933
6.9967669741
8.72723872198
8.30055665625


/L2/JPG95/: 8.6362505393
7.61560761902
8.2202367976
8.82179787041
7.35220121247
8.7415719945
9.06316807523
7.66981447573
8.2083284788
8.42795954999
11.1291717482
12.0885424296
11.9815066883
9.72260595591
11.9725507375
9.05650139867
9.10902948682
7.43349473361
9.29351805438
8.92226239413


/L2/PNG/: 12.096664411
9.64652755415
12.4915716098
13.6497864097
9.53775363732
13.6505793611
13.9029982456
11.315698901
11.4484641792
12.4720955352
14.4622104957
16.6861986301
15.9852774664
11.3740375131
16.2499818398
12.9591461377
13.3948565534
9.06661431817
14.0675998906
13.0968370306





/LSB/BLUR/: 7.34765813872
6.25480301113
6.19231406939
6.63562922628
6.70991678976
7.22312732584
7.20109342879
6.83154435134
7.23398354015
7.04589197154
9.71121502243
9.28447397926
9.88239077627
9.46616096121
9.29682824163
7.58140222704
7.42841922405
7.19855077252
7.22137537731
7.15206838985


/LSB/BRIGHT/: 3.8798555593
1.5912194833
1.59066427712
1.62507131782
1.63002323404
2.57895028441
2.81677276985
2.16425955345
2.42397263386
2.98263365356
6.0844584331
8.78057648949
6.7116723713
6.0742203642
7.94508805236
3.04348972744
3.10300495328
2.59712601421
2.95904341916
3.11435931201


/LSB/CONTRAST/: 6.43070080847
5.41522638798
6.63665262384
6.43329770341
5.241630975
7.50596244929
7.24464144153
6.85892380389
6.62506519601
6.50271312957
8.99939932551
10.1387240866
10.0887670951
5.87435419117
9.92900603508
7.65704846203
7.18169835362
5.15009902579
6.88210840029
7.31059763386


/LSB/JPG80/: 7.1308918942
5.86185434102
5.33284892428
6.8323189637
6.69653051849
7.1554144819
7.20946824349
7.19223405111
7.20568241621
6.8484468136
10.0088803685
8.79275536632
10.0653549535
7.6912274517
9.80951954582
7.62955482237
7.48565662475
6.92350072317
7.54054422345
7.56553151771


/LSB/JPG85/: 7.71638003158
5.93284875883
5.78685722122
6.83833620288
6.64534828179
7.22977069234
7.17489906151
7.22990551135
7.33753947201
6.90110481191
10.0295821879
8.76309344968
10.0108361728
8.33503503025
9.79220163231
7.60461463358
7.46724636098
6.97083499005
7.62056439509
7.54254104413


/LSB/JPG90/: 8.04206222946
5.97404606045
6.23096206486
6.8890162997
6.84738029174
7.22173302363
7.21205181739
7.23063805404
7.21483166767
7.2107618412
10.0395279902
9.38520956925
10.0205197831
9.20142926107
10.0763513539
7.63737252259
7.56179810592
7.75019400019
7.82602181461
7.78066379402


/LSB/JPG95/: 9.209428932
5.89227010005
6.67200182621
6.93040189598
7.36433612147
7.24450538523
7.18473137346
7.17288391623
7.59070122333
7.5195354753
10.3321071793
10.2564833251
10.2622408204
10.3591327203
10.3249325058
8.04723785912
7.66428309166
8.48623687732
8.3228705115
8.39571793308


/LSB/PNG/: No difference
No difference
No difference
No difference
No difference
No difference
No difference
No difference
No difference
No difference
No difference
No difference
No difference
No difference
No difference
No difference
No difference
No difference
No difference
No difference





